043141
043045
043151
043155
043078
043131
043140
043075
043164
043028
043112
043109
043160
043128
043068
043002
043067
043143
043167
043168
043126
043115
043040
043035
043005
043110
043033
043034
043121
043032
043042
043059
043043
043063
043092
043004
043085
043086
043135
043069
043001
043156
043079
043169
043138
043036
043029
043150
043134
043056
043046
043139
043129
043038
043057
043116
043158
043114
043154
116065
116005
116056
116052
116053
116016
116088
116003
116028
116096
116067
116084
116040
116041
116014
116035
116091
116018
116008
116063
116037
116038
116079
116080
116029
116031
116032
116022
116007
116021
116060
116048
116095
116093
116081
116030
116092
116023
116034
116094
116082
116024
116047
116015
116054
116073
116075
116074
116011
116057
116039
116025
116087
116036
116070
116049
116051
116019
116012
116064
116013
116083
116061
116020
116033
116069
116068
116002
116044
116045
116027
116077
116076
116062
116085
116010
116058
116042
116026
116043
116086
116006
116055
116078
116089
116001
116046
116017
116009
116059
116004
116071
116050
116066
116072
116090
FTS005
FTS006
FTS007
FTS037
FTS038
FTS039
FTS034
FTS035
FTS036
FTS020
FTS008
FTS009
FTS040
FTS041
FTS030
FTS032
FTS010
FTS026
FTS028
FTS012
FTS014
FTS042
FTS046
FTS048
FTS044
FTS050
FTS015
FTS016
FTS018
FTS051
FTS053
FTS052
FTS021
FTS004
FTS022
FTS002
FTS024
FHI005
FHI015
FHI009
FHI038
FHI037
FHI035
FHI034
FHI010
FHI002
FHI001
FHI050
FHI040
FHI039
FHI013
FHI029
FHI011
FHI004
FHI042
FHI044
FHI033
FHI041
FHI043
FHI021
FHI024
FHI022
FHI031
FHI030
FHI051
FHI048
FHI012
FHI049
FHI003
FHI008
FHI006
FHI052
FHI047
FHI046
FHI032
FHI026
FHI017
FHI016
FHI014
FHI007
VPC001
Ivc007
Ivc005
Ivc003
008007
008003
008023
008033
008024
008032
008037
008013
008068
008070
008069
008017
008040
008022
008057
008015
008063
Ivc002
Ivc013
Ivc011
Ivc009
Ivc001
008073
008071
008072
008061
008081
008082
008018
008029
008083
008055
008047
008046
008049
008048
008019
008014
008074
008076
008077
008075
008041
008020
008080
008078
008079
008006
008044
008027
008064
008039
008016
Ivc015
008065
008067
008066
008031
008035
008036
008034
008052
008050
008084
008051
008085
008009
008089
008025
008026
008030
008021
008086
008087
008088
008056
Ivc014
008038
008010
008011
008012
008005
008004
008045
008058
008059
008054
008060
008053
Man048
SKI002
SKI004
SKI001
SKI006
SKI009
SKI008
SKI003
SKI005
SKI014
SKI012
SKI010
SKI015
SKI016
SKI017
102001
102007
102005
102002
102003
102006
102004
082009
082004
082010
082003
082008
082013
082014
082006
082011
082016
082007
082001
082015
082005
082002
082012
018026
018055
018024
018050
018051
018015
018012
018007
018030
018001
018014
018021
018058
018005
018040
018035
018031
018002
018029
018052
018016
018023
018013
018049
018038
018011
018047
018022
018039
018042
018041
018054
018044
018045
018032
018057
018017
018019
018056
018048
018020
018003
018010
018008
018037
018036
018027
018028
018009
018006
018004
018043
018046
018018
018053
018033
018034
018025
UBS005
UBS003
UBS004
UBS007
UBS006
UBS001
CIT022
CIT021
CIT020
CIT060
CIT059
CIT058
CIT040
CIT037
CIT035
CIT075
CIT056
CIT054
CIT052
CIT043
CIT042
CIT041
CIT034
CIT033
CIT032
CIT002
CIT072
CIT065
CIT063
CIT061
CIT026
CIT031
CIT030
CIT010
CIT018
CIT017
CIT016
CIT012
CIT068
CIT005
CIT023
CIT011
CIT070
CIT024
CIT004
CIT006
CIT014
CIT015
CIT013
CIT074
CIT029
CIT028
CIT001
CIT076
CIT003
CIT009
CIT008
CIT007
CIT067
CIT019
CIT071
CIT069
CIT050
CIT046
CIT044
CIT048
099004
099005
099015
099016
099006
099018
099013
099017
099019
099007
099002
099003
099023
099001
099010
099021
099011
099020
099012
099014
099008
099009
101001
101003
Man018
Man020
Man036
Man049
Man050
Man041
Man042
Man043
Man008
REL003
REL004
REL005
REL001
REL007
REL002
076026
076023
076013
076003
076027
076030
076028
076001
076019
076020
076010
076009
076006
076014
076004
076024
076022
076012
076021
076029
076002
076025
076005
076017
076015
076011
076016
076007
076008
JPM001
005014
005005
005006
006001
007012
007017
007098
007016
007099
007097
007053
007052
007018
007049
007024
007080
007095
007096
007027
007015
007014
007060
007013
005009
005015
005007
005011
005013
005004
005003
007056
007055
007020
007045
007002
007075
007058
007068
007067
007041
007004
007065
007008
007086
007090
007028
007030
007039
007066
007040
007032
007088
007085
007009
007006
007047
007023
007076
007077
007072
007036
007037
007038
007042
007073
007043
007022
007074
007069
007021
007034
007035
007048
007079
007078
007051
007083
007082
007050
007003
007025
007070
007071
007061
007057
007010
007054
007026
007001
007062
007093
007046
007011
007064
005016
064015
064041
064035
064002
064044
064025
064012
064038
064011
064013
064016
064040
064001
064043
064036
064034
064045
064042
064008
064019
064027
064014
064005
064017
064007
064026
064037
064018
064039
064030
064010
064046
064004
064028
064009
064020
064032
064033
064003
064006
064023
064024
064029
064021
064022
064031
USI004
USI007
USI005
USI013
USI015
USI011
USI017
USI002
USI009
USI003
USI001
029083
029082
029081
029080
029085
029086
029084
029094
029093
029092
029091
029064
029070
029063
029066
029065
029069
029068
029067
ABI001
029054
029060
029053
029056
029055
029059
029058
029057
029075
029074
029073
029076
029062
029077
ABI006
029015
029014
029013
029016
029012
029087
029089
029088
029072
029071
029004
029002
029001
029003
029005
029011
029007
029006
029010
029009
029008
029095
029079
029078
029043
029042
029041
029046
029044
029045
029034
029033
029036
029035
029040
029039
029038
029037
029047
029090
029021
029048
029026
029031
029029
029028
029027
029032
029030
029051
029050
029049
029052
044015
044022
044008
044026
044027
044011
044012
044007
044001
044039
044029
044016
044037
044021
044002
044020
044019
044033
044030
044010
044009
044034
044031
044032
044017
044018
044035
044028
044005
044038
044036
044013
044014
044024
044023
044006
044025
044004
044003
ESI067
ESI022
ESI021
ESI011
ESI070
ESI019
ESI015
ESI012
ESI017
ESI049
ESI047
ESI045
ESI001
ESI010
ESI009
ESI008
105037
105067
105066
105078
105068
001013
001012
001004
001003
001008
001007
001010
001009
001002
001005
001006
105022
105065
105064
105039
105038
105040
105052
105033
105023
105090
105015
105014
105087
105088
105086
105025
105032
105048
105047
105060
105084
105083
105085
105016
105050
105049
105053
105036
105081
105082
105062
105061
105063
105051
105017
105034
105035
105003
105004
105006
105005
105007
105013
105002
105077
105073
105089
105010
105009
105011
105096
105024
105054
105020
105021
105071
105070
105012
105072
105069
105097
105080
105001
105008
001011
001001
105074
105055
105075
105076
105092
105093
105079
105091
105094
105095
105045
105042
105041
105044
105043
105056
105058
105057
105059
ESI064
ESI055
ESI053
ESI051
ESI066
ESI033
ESI031
ESI027
ESI025
ESI029
ESI072
ESI002
ESI004
ESI069
ESI007
ESI071
ESI023
ESI043
ESI041
ESI037
ESI035
ESI039
ESI005
ESI057
ESI063
ESI006
016008
016012
016009
016010
016004
016005
016013
016007
016002
016006
016001
016003
016011
036020
036021
036023
036022
036011
036012
036013
055003
055002
055001
036003
036002
036017
036018
036019
036029
036027
036024
036025
036026
036030
036031
036001
036028
036004
036005
036009
055006
055005
055007
055004
036014
036016
036015
036032