099022
090003
090004
090002
090001
046016
046002
046021
046041
046015
046001
046024
046011
046027
046040
046014
046005
046020
046006
046019
046022
046023
046007
046033
046018
046017
046030
046032
046031
046025
046026
046037
046036
046008
046035
046009
046029
046028
046034
046044
046038
046042
046010
046012
046003
046004
046039
046013
046043
033034
033047
033048
033049
033035
033054
033013
033053
033007
033006
033005
033004
033002
033003
033001
033050
033012
033046
033059
033056
033057
033058
033055
033030
033029
033052
033051
033028
033027
033009
033023
033025
033026
033022
033010
033032
033031
033033
033015
033014
033008
033019
033021
033020
033018
033017
033016
033045
033042
033043
033044
033041
033011
033040
033038
033037
033039
REL006
CTB015
CTB014
CTB010
CTB006
CTB002
CTB004
CTB008
Man016
CTB001
YUI038
YUI024
YUI023
YUI029
YUI028
YUI008
YUI007
YUI006
YUI018
YUI020
YUI019
YUI044
YUI070
YUI057
YUI071
YUI047
YUI002
YUI001
YUI062
YUI060
YUI030
YUI056
YUI040
YUI058
YUI010
YUI009
YUI066
YUI039
YUI054
YUI021
YUI069
YUI045
YUI055
YUI050
YUI037
YUI064
Man022
Man024
Man026
Man044
Man002
Man006
Man004
Man052
YUI068
YUI016
YUI005
YUI004
YUI003
YUI043
YUI017
YUI033
YUI012
YUI015
YUI014
YUI013
YUI065
YUI046
YUI042
YUI067
017028
017029
017030
017037
017038
017001
017031
017032
017033
017006
017010
017007
017008
017009
017022
017021
017002
017005
017003
017004
017034
017035
017036
017015
017013
017014
017011
017012
017023
017027
017024
017025
017026
108003
108002
108005
108001
108004
108006
038026
038016
038038
038009
038035
038048
038025
038032
038003
038002
038001
038047
038045
038046
038004
038028
038027
038042
038041
038034
038020
038019
038021
038033
038017
038039
038031
038030
038014
038015
038018
038022
038013
038043
038029
038010
038012
038011
038006
038040
038044
038024
038005
038036
038037
038007
038023
JIH005
JIH029
JIH027
JIH006
JIH016
JIH018
JIH014
JIH026
JIH023
JIH009
JIH011
JIH007
JIH004
JIH025
JIH002
JIH028
JIH030
JIH001
TST001
TST020
TST003
TST010
TST018
TST017
TST016
TST021
TST013
TST012
TST005
TST019
TST006
TST007
TST002
Man012
TST009
TST004
TST008
Man051
096003
MAI001
096004
096001
096002
SIN020
SIN018
SIN001
SIN010
SIN009
SIN008
SIN007
SIN030
SIN033
SIN004
SIN003
SIN031
SIN015
SIN013
SIN005
SIN017
SIN032
SIN029
SIN028
SIN027
SIN026
SIN024
SIN025
SIN002
Meg022
Meg020
Meg021
Meg026
Meg015
Meg016
Meg018
Meg006
Meg017
Meg019
Meg009
Meg003
Meg010
Meg001
Meg012
Meg002
Meg025
Meg008
Meg005
Meg007
031006
031015
031008
031016
031014
031004
031020
031011
031010
031018
031002
031021
031022
031017
031005
TCT001
TCT002
TCT008
TCT004
TCT006
TCT019
TCT021
TCT011
TCT012
TCT014
TCT016
081035
081020
081016
081019
081039
081042
081023
081031
081021
081015
081036
081034
081014
081029
081032
081022
081040
081025
081033
081027
081044
081028
081024
081017
081037
081026
081043
081030
081041
081038
019025
019037
019036
019048
019033
019035
019030
019016
019029
019026
019046
019002
019043
019003
019005
019004
019001
019044
019006
019007
019049
019042
019018
019024
019045
019020
019021
019022
019019
019008
019009
019038
019039
019023
019028
019010
019017
019034
019041
019040
019014
019015
019047
019013
019012
019011
019027
062027
062023
062008
062015
062011
062004
062025
062005
062009
062002
062020
062021
062039
062018
062016
062017
062001
062041
062013
062028
062029
062042
062012
062014
062040
062024
062010
062038
062035
062034
062037
062044
062006
062019
062031
062026
062003
062033
062022
062036
062043
062007
062030
062032
040002
040016
040001
040009
040005
040010
040004
040017
040008
040014
040007
040012
040015
040011
040006
040003
040013
Man010
Man014
Man039
Man028
Man017
Man030
Man032
Man034
012004
012018
012007
012001
012011
012015
012002
012003
012014
012010
012006
012008
012009
012005
012013
012016
012017
012019
042004
042002
042014
042013
042043
042134
042042
042165
042154
042129
042054
042161
042166
042164
042162
042163
042171
042121
042104
042087
042086
042048
042033
042096
042090
042131
042120
042094
042095
042119
042034
042091
042097
042035
042056
042098
042099
042089
042085
042168
042093
042092
042083
042059
042046
042135
042118
042069
042057
042061
042058
042060
042065
042140
042066
042153
042152
042117
042115
BRI008
042012
042009
042011
042010
042001
042006
042007
042008
042005
042023
042022
042016
042029
042028
BRI004
042082
042150
042070
042072
042077
042076
042067
042106
042157
042155
042156
042136
042079
042044
042133
042088
042102
042127
042139
042125
042142
042143
042141
042110
042109
042100
042101
042173
042172
BRI001
042128
042126
042103
042122
042123
042167
042017
042019
042018
042020
042024
042021
042015
042114
042112
042116
042113
042027
042026
042084
042071
042075
042160
042137
042159
042158
042038
042108
042107
042081
042052
042124
042170
042068
042051
042050
042049
042146
042045
042037
042080
042145
042062
042025
042003
042036
042030
042144
042149
042039
042031
042148
042169
042055
042063
042047
042132
042130
042138
042032
042064
042151
042053
042111
042105
042040
042041
042073
042074
042078
042147
BRI002
032065
032059
032030
032066
032031
032040
032034
032062
032032
032087
032054
032085
032029
032086
032015
032017
032052
032020
032021
032083
032084
032079
032080
032016
032072
032007
032071
032057
032027
032008
032047
032081
032051
032037
032044
032058
032074
032009
032073
032048
032093
032055
032077
032050
032078
032069
032046
032041
032011
032049
032091
032092
032043
032035
032005
032094
032024
032063
032025
032088
032033
032042
032061
032010
032014
032068
032067
032001
032056
032060
032006
032070
032076
032012
032013
032022
032023
032003
032090
032089
032002
032036
032038
032064
032075
032004
032082
032019
032028
032018
032053
Pru013
Pru014
Pru006
Pru033
Pru032
Pru027
Pru021
Pru018
Pru020
Pru011
Pru010
Pru031
Pru022
Pru042
Pru041
Pru040
Pru039
Pru030
Pru016
Pru028
Pru017
Pru026
Pru024
Pru015
Pru012
Pru019
Pru025
Pru023
Pru002
Pru008
Pru009
SCH013
SCH011
SCH009
SCH002
SCH015
SCH006
SCH005
SCH004
PBI038
PBI042
PBI040
PBI019
PBI010
PBI058
PBI001
PBI005
PBI007
PBI044
PBI046
PBI048
PBI062
PBI065
PBI036
PBI035
PBI059
PBI060
PBI021
PBI024
PBI025
PBI013
PBI016
PBI017
PBI029
PBI032
PBI033
PBI068
PBI020
PBI011
PBI050
PBI052
PBI056
PBI054
002005
002010
002011
002028
002009
002008
002027
002013
002017
002001
002012
002025
002024
002007
002002
002003
002004
002020
002021
002022
002023
002006
058004
058021
058005
058029
058001
058050
058051
058002
058049
058022
058008
058009
058017
058023
058015
058014
058039
058033
058045
058040
058025
058028
058013
058044
058043
058042
058041
058027
058016
058034
058019
058020
058012
058030
058046
058026
058031
058018
058032
058052
058035
058036
058037
058038
058007
058047
057001
057002
058006
058024
058003
058048
075010
075011
075013
075014
075003
075012
075004
075005
075015
075002
075009
075006
075001
075008
075007
075016
075017
075022
075021
075018
075019
075020
CSI009
CSI002
CSI007
CSI015
CSI016
CSI042
CSI045
CSI044
CSI031
CSI032
CSI024
CSI025
CSI010
CSI011
CSI001
CSI008
CSI037
CSI033
CSI035
CSI055
CSI056
CSI014
CSI053
CSI054
CSI057
CSI058
CSI052
CSI046
CSI050
CSI048
CSI051
CSI038
CSI039
CSI003
CSI006
CSI005
CSI027
CSI013
CSI017
CSI021
CSI019
CSI026
CSI040
CSI041
CSI012
FSI002
FSI009
FSI010
FSI004
FSI001
FSI005
FSI006
FSI003
Man035
UNI005
UNI002
UNI004
UNI010
UNI029
UNI015
UNI013
UNI011
UNI022
UNI001
UNI020
UNI019
UNI018
UNI017
UNI003
UNI007
UNI023
UNI028
UNI021
UNI024
UNI026
UNI006
UNI025
UNI027
KGI019
KGI003
KGI010
KGI020
KGI015
KGI014
KGI013
KGI002
KGI001
KGI007
KGI006
KGI008
KGI004
KGI005
KGI018
KGI017
KGI016
KGI012
KGI011
117002
117001
117003
FUB003
FUB021
FUB023
FUB017
FUB019
FUB029
FUB001
FUB027
FUB010
FUB012
FUB008
FUB007
FUB005
FUB004
FUB014
FUB006
FUB011
FUB009
FIL001
FIL002
043017
043015
043016
043014
043101
043013
043104
043095
043060
043094
043010
043053
043146
043152
043096
043147
043012
043008
043019
043007
043102
043106
043047
043122
043145
043048
043107
043105
043142
043103
043021
043149
043076
043108
043009
043099
043089
043100
043055
043049
043159
043054
043130
043074
043064
043052
043153
043011
043082
043020
043050
043051
043111
043137
043071
043073
043165
043026
043065
043161
043041
043132
043123
043118
043157
043125
043044
043024
043120
043119
043023
043039
043030
043022
043091
043090
043003
043087
043088
043093
043018
043097
043031
043062
043162
043163
043166
043080
043061
043077
043037
043084
043081
043083
043098
043127
043058
043027
043144
043133
043113
043117
043070
043006
043141
043045
043151
043155
043078
043131
043140
043075
043164
043028
043112
043109
043160
043128
043068
043002
043067
043143
043167
043168
043126
043115
043040
043035
043005
043110
043033
043034
043121
043032
043042
043059
043043
043063
043092
043004
043085
043086
043135
043069
043001
043156
043079
043169
043138
043036
043029
043150
043134
043056
043046
043139
043129
043038
043057
043116
043158
043114
043154
116065
116005
116056
116052
116053
116016
116088
116003
116028
116096
116067
116084
116040
116041
116014
116035
116091
116018
116008
116063
116037
116038
116079
116080
116029
116031
116032
116022
116007
116021
116060
116048
116095
116093
116081
116030
116092
116023
116034
116094
116082
116024
116047
116015
116054
116073
116075
116074
116011
116057
116039
116025
116087
116036
116070
116049
116051
116019
116012
116064
116013
116083
116061
116020
116033
116069
116068
116002
116044
116045
116027
116077
116076
116062
116085
116010
116058
116042
116026
116043
116086
116006
116055
116078
116089
116001
116046
116017
116009
116059
116004
116071
116050
116066
116072
116090
FTS005
FTS006
FTS007
FTS037
FTS038
FTS039
FTS034
FTS035
FTS036
FTS020
FTS008
FTS009
FTS040
FTS041
FTS030
FTS032
FTS010
FTS026
FTS028
FTS012
FTS014
FTS042
FTS046
FTS048
FTS044
FTS050
FTS015
FTS016
FTS018
FTS051
FTS053
FTS052
FTS021
FTS004
FTS022
FTS002
FTS024
FHI005
FHI015
FHI009
FHI038
FHI037
FHI035
FHI034
FHI010
FHI002
FHI001
FHI050
FHI040
FHI039
FHI013
FHI029
FHI011
FHI004
FHI042
FHI044
FHI033
FHI041
FHI043
FHI021
FHI024
FHI022
FHI031
FHI030
FHI051
FHI048
FHI012
FHI049
FHI003
FHI008
FHI006
FHI052
FHI047
FHI046
FHI032
FHI026
FHI017
FHI016
FHI014
FHI007
VPC001
Ivc007
Ivc005
Ivc003
008007
008003
008023
008033
008024
008032
008037
008013
008068
008070
008069
008017
008040
008022
008057
008015
008063
Ivc002
Ivc013
Ivc011
Ivc009
Ivc001
008073
008071
008072
008061
008081
008082
008018
008029
008083
008055
008047
008046
008049
008048
008019
008014
008074
008076
008077
008075
008041
008020
008080
008078
008079
008006
008044
008027
008064
008039
008016
Ivc015
008065
008067
008066
008031
008035
008036
008034
008052
008050
008084
008051
008085
008009
008089
008025
008026
008030
008021
008086
008087
008088
008056
Ivc014
008038
008010
008011
008012
008005
008004
008045
008058
008059
008054
008060
008053
Man048
SKI002
SKI004
SKI001
SKI006
SKI009
SKI008
SKI003
SKI005
SKI014
SKI012
SKI010
SKI015
SKI016
SKI017
102001
102007
102005
102002
102003
102006
102004
082009
082004
082010
082003
082008
082013
082014
082006
082011
082016
082007
082001
082015
082005
082002
082012
018026
018055
018024
018050
018051
018015
018012
018007
018030
018001
018014
018021
018058
018005
018040
018035
018031
018002
018029
018052
018016
018023
018013
018049
018038
018011
018047
018022
018039
018042
018041
018054
018044
018045
018032
018057
018017
018019
018056
018048
018020
018003
018010
018008
018037
018036
018027
018028
018009
018006
018004
018043
018046
018018
018053
018033
018034
018025
UBS005
UBS003
UBS004
UBS007
UBS006
UBS001
CIT022
CIT021
CIT020
CIT060
CIT059
CIT058
CIT040
CIT037
CIT035
CIT075
CIT056
CIT054
CIT052
CIT043
CIT042
CIT041
CIT034
CIT033
CIT032
CIT002
CIT072
CIT065
CIT063
CIT061
CIT026
CIT031
CIT030
CIT010
CIT018
CIT017
CIT016
CIT012
CIT068
CIT005
CIT023
CIT011
CIT070
CIT024
CIT004
CIT006
CIT014
CIT015
CIT013
CIT074
CIT029
CIT028
CIT001
CIT076
CIT003
CIT009
CIT008
CIT007
CIT067
CIT019
CIT071
CIT069
CIT050
CIT046
CIT044
CIT048
099004
099005
099015
099016
099006
099018
099013
099017
099019
099007
099002
099003
099023
099001
099010
099021
099011
099020
099012
099014
099008
099009
101001
101003
Man018
Man020
Man036
Man049
Man050
Man041
Man042
Man043
Man008
REL003
REL004
REL005
REL001
REL007
REL002
076026
076023
076013
076003
076027
076030
076028
076001
076019
076020
076010
076009
076006
076014
076004
076024
076022
076012
076021
076029
076002
076025
076005
076017
076015
076011
076016
076007
076008
JPM001
005014
005005
005006
006001
007012
007017
007098
007016
007099
007097
007053
007052
007018
007049
007024
007080
007095
007096
007027
007015
007014
007060
007013
005009
005015
005007
005011
005013
005004
005003
007056
007055
007020
007045
007002
007075
007058
007068
007067
007041
007004
007065
007008
007086
007090
007028
007030
007039
007066
007040
007032
007088
007085
007009
007006
007047
007023
007076
007077
007072
007036
007037
007038
007042
007073
007043
007022
007074
007069
007021
007034
007035
007048
007079
007078
007051
007083
007082
007050
007003
007025
007070
007071
007061
007057
007010
007054
007026
007001
007062
007093
007046
007011
007064
005016
064015
064041
064035
064002
064044
064025
064012
064038
064011
064013
064016
064040
064001
064043
064036
064034
064045
064042
064008
064019
064027
064014
064005
064017
064007
064026
064037
064018
064039
064030
064010
064046
064004
064028
064009
064020
064032
064033
064003
064006
064023
064024
064029
064021
064022
064031
USI004
USI007
USI005
USI013
USI015
USI011
USI017
USI002
USI009
USI003
USI001
029083
029082
029081
029080
029085
029086
029084
029094
029093
029092
029091
029064
029070
029063
029066
029065
029069
029068
029067
ABI001
029054
029060
029053
029056
029055
029059
029058
029057
029075
029074
029073
029076
029062
029077
ABI006
029015
029014
029013
029016
029012
029087
029089
029088
029072
029071
029004
029002
029001
029003
029005
029011
029007
029006
029010
029009
029008
029095
029079
029078
029043
029042
029041
029046
029044
029045
029034
029033
029036
029035
029040
029039
029038
029037
029047
029090
029021
029048
029026
029031
029029
029028
029027
029032
029030
029051
029050
029049
029052
044015
044022
044008
044026
044027
044011
044012
044007
044001
044039
044029
044016
044037
044021
044002
044020
044019
044033
044030
044010
044009
044034
044031
044032
044017
044018
044035
044028
044005
044038
044036
044013
044014
044024
044023
044006
044025
044004
044003
ESI067
ESI022
ESI021
ESI011
ESI070
ESI019
ESI015
ESI012
ESI017
ESI049
ESI047
ESI045
ESI001
ESI010
ESI009
ESI008
105037
105067
105066
105078
105068
001013
001012
001004
001003
001008
001007
001010
001009
001002
001005
001006
105022
105065
105064
105039
105038
105040
105052
105033
105023
105090
105015
105014
105087
105088
105086
105025
105032
105048
105047
105060
105084
105083
105085
105016
105050
105049
105053
105036
105081
105082
105062
105061
105063
105051
105017
105034
105035
105003
105004
105006
105005
105007
105013
105002
105077
105073
105089
105010
105009
105011
105096
105024
105054
105020
105021
105071
105070
105012
105072
105069
105097
105080
105001
105008
001011
001001
105074
105055
105075
105076
105092
105093
105079
105091
105094
105095
105045
105042
105041
105044
105043
105056
105058
105057
105059
ESI064
ESI055
ESI053
ESI051
ESI066
ESI033
ESI031
ESI027
ESI025
ESI029
ESI072
ESI002
ESI004
ESI069
ESI007
ESI071
ESI023
ESI043
ESI041
ESI037
ESI035
ESI039
ESI005
ESI057
ESI063
ESI006
016008
016012
016009
016010
016004
016005
016013
016007
016002
016006
016001
016003
016011
036020
036021
036023
036022
036011
036012
036013
055003
055002
055001
036003
036002
036017
036018
036019
036029
036027
036024
036025
036026
036030
036031
036001
036028
036004
036005
036009
055006
055005
055007
055004
036014
036016
036015
036032
